start_time,end_time,instrument,note,start_beat,end_beat,note_value,Instrument Group,Time Chunks
26078,45022,74,69,0.0,0.5,Eighth,9,[1]
45022,61406,74,71,0.5,0.5,Eighth,9,[1]
61406,79326,74,72,1.0,0.5,Eighth,9,[1]
79326,94173,74,76,1.5,0.5,Eighth,9,[1]
94173,112094,74,68,2.0,0.5,Eighth,9,[2]
112094,128990,74,69,2.5,0.5,Eighth,9,[2]
128990,189918,74,65,3.0,2.0,Half,9,[2]
189918,207326,74,64,5.0,0.5,Eighth,9,[3]
207326,223709,74,66,5.5,0.5,Eighth,9,[3]
223709,239582,74,68,6.0,0.5,Eighth,9,[3]
239582,252894,74,69,6.5,0.5,Eighth,9,[3]
252894,267742,74,71,7.0,0.5,Eighth,9,[3]
267742,284126,74,74,7.5,0.5,Eighth,9,[4]
284126,297950,74,77,8.0,0.5,Eighth,9,[4]
297950,316382,74,76,8.5,0.5,Eighth,9,[4]
316382,331230,74,74,9.0,0.5,Eighth,9,[4]
331230,344030,74,71,9.5,0.5,Eighth,9,[4]
344030,360926,74,72,10.0,0.5,Eighth,9,[4]
360926,380894,74,69,10.5,0.5,Eighth,9,[5]
380894,419806,74,71,11.0,1.0,Quarter,9,[5]
419806,455134,74,69,12.0,0.5,Eighth,9,[5]
455134,473054,74,71,12.5,0.5,Eighth,9,[6]
473054,487390,74,72,13.0,0.5,Eighth,9,[6]
487390,506334,74,76,13.5,0.5,Eighth,9,[6]
506334,522718,74,68,14.0,0.5,Eighth,9,[6]
522718,540126,74,69,14.5,0.5,Eighth,9,[7]
540126,572894,74,77,15.0,1.0,Quarter,9,[7]
572894,603102,74,76,16.0,1.0,Quarter,9,[7]
603102,644574,74,74,17.0,1.0,Quarter,9,[7]
644574,662494,74,67,18.0,0.5,Eighth,9,[8]
662494,680414,74,69,18.5,0.5,Eighth,9,[8]
680414,694750,74,71,19.0,0.5,Eighth,9,[8]
694750,710110,74,74,19.5,0.5,Eighth,9,[9]
710110,724958,74,66,20.0,0.5,Eighth,9,[9]
724958,742366,74,67,20.5,0.5,Eighth,9,[9]
742366,782302,74,76,21.0,1.0,Quarter,9,[9]
782302,821213,74,74,22.0,1.0,Quarter,9,[10]
821213,858078,74,72,23.0,0.5,Eighth,9,[10]
858078,878558,74,76,23.5,0.5,Eighth,9,[10]
878558,893917,74,79,24.0,0.5,Eighth,9,[11]
893917,909278,74,76,24.5,0.5,Eighth,9,[11]
909278,921566,74,74,25.0,0.5,Eighth,9,[11]
921566,939998,74,72,25.5,0.5,Eighth,9,[11]
939998,954846,74,71,26.0,0.5,Eighth,9,[11]
954846,970206,74,72,26.5,0.5,Eighth,9,[12]
970206,1016286,74,67,27.0,1.5,Dotted Quarter,9,[12]
1016286,1025501,74,69,28.5,0.25,Sixteenth,9,[12]
1025501,1035230,74,71,28.75,0.25,Sixteenth,9,[12]
1035230,1043422,74,72,29.0,0.25,Sixteenth,9,[13]
1043422,1053150,74,74,29.25,0.25,Sixteenth,9,[13]
1053150,1064414,74,76,29.5,0.25,Sixteenth,9,[13]
1064414,1077726,74,77,29.75,0.25,Sixteenth,9,[13]
1077726,1096670,74,79,30.0,0.25,Sixteenth,9,[13]
1096670,1107934,74,77,30.25,0.25,Sixteenth,9,[13]
1107934,1117150,74,76,30.5,0.25,Sixteenth,9,[13]
1117150,1125342,74,79,30.75,0.25,Sixteenth,9,[13]
1125342,1136094,74,77,31.0,0.25,Sixteenth,9,[14]
1136094,1145310,74,76,31.25,0.25,Sixteenth,9,[14]
1145310,1152478,74,74,31.5,0.25,Sixteenth,9,[14]
1152478,1163230,74,77,31.75,0.25,Sixteenth,9,[14]
1163230,1175518,74,76,32.0,0.25,Sixteenth,9,[14]
1175518,1188318,74,74,32.25,0.25,Sixteenth,9,[14]
1188318,1198046,74,72,32.5,0.25,Sixteenth,9,[14]
1198046,1209822,74,76,32.75,0.25,Sixteenth,9,[14]
1209822,1277918,74,69,33.0,1.5,Dotted Quarter,9,[15]
1277918,1287646,74,71,34.5,0.25,Sixteenth,9,[15]
1287646,1303006,74,72,34.75,0.25,Sixteenth,9,[15]
1303006,1315294,74,74,35.0,0.25,Sixteenth,9,[16]
1315294,1325534,74,76,35.25,0.25,Sixteenth,9,[16]
1325534,1334750,74,77,35.5,0.25,Sixteenth,9,[16]
1334750,1346014,74,79,35.75,0.25,Sixteenth,9,[16]
1346014,1358302,74,81,36.0,0.25,Sixteenth,9,[16]
1358302,1368030,74,79,36.25,0.25,Sixteenth,9,[16]
1368030,1379294,74,77,36.5,0.25,Sixteenth,9,[16]
1379294,1389022,74,81,36.75,0.25,Sixteenth,9,[17]
1389022,1402334,74,79,37.0,0.25,Sixteenth,9,[17]
1402334,1412062,74,77,37.25,0.25,Sixteenth,9,[17]
1412062,1423326,74,76,37.5,0.25,Sixteenth,9,[17]
1423326,1433054,74,79,37.75,0.25,Sixteenth,9,[17]
1433054,1443294,74,77,38.0,0.25,Sixteenth,9,[17]
1443294,1454046,74,76,38.25,0.25,Sixteenth,9,[17]
1454046,1463261,74,74,38.5,0.25,Sixteenth,9,[17]
1463261,1477598,74,77,38.75,0.25,Sixteenth,9,[17]
1477598,1508830,74,83,39.0,0.5,Eighth,9,[18]
1508830,1522142,74,84,39.5,0.25,Sixteenth,9,[18]
1522142,1532894,74,86,39.75,0.25,Sixteenth,9,[18]
1532894,1543134,74,84,40.0,0.25,Sixteenth,9,[18]
1543134,1556958,74,83,40.25,0.25,Sixteenth,9,[18]
1556958,1567198,74,81,40.5,0.25,Sixteenth,9,[19]
1567198,1575902,74,79,40.75,0.25,Sixteenth,9,[19]
1575902,1587166,74,77,41.0,0.25,Sixteenth,9,[19]
1587166,1597918,74,76,41.25,0.25,Sixteenth,9,[19]
1597918,1608157,74,77,41.5,0.25,Sixteenth,9,[19]
1608157,1616862,74,71,41.75,0.25,Sixteenth,9,[19]
1616862,1636830,74,76,42.0,0.5,Eighth,9,[19]
1636830,1648606,74,74,42.5,0.25,Sixteenth,9,[19]
1648606,1658845,74,72,42.75,0.25,Sixteenth,9,[20]
1658845,1679838,74,79,43.0,0.5,Eighth,9,[20]
1679838,1699806,74,81,43.5,0.5,Eighth,9,[20]
1699806,1743838,74,76,44.0,0.5,Eighth,9,[20]
1743838,1755614,74,74,44.5,0.25,Sixteenth,9,[21]
1755614,1769438,74,72,44.75,0.25,Sixteenth,9,[21]
1769438,1860574,74,72,45.0,2.0,Half,9,"[21, 22]"
1938397,1959390,74,76,48.0,0.5,Eighth,9,[23]
1959390,1974238,74,72,48.5,0.5,Eighth,9,[23]
1974238,1983966,74,71,49.0,0.5,Eighth,9,[23]
1983966,1999837,74,72,49.5,0.5,Eighth,9,[24]
1999837,2015198,74,81,50.0,0.5,Eighth,9,[24]
2015198,2029022,74,79,50.5,0.5,Eighth,9,[24]
2029022,2074078,74,76,51.0,2.0,Half,9,[24]
2074078,2090462,74,74,53.0,0.5,Eighth,9,[25]
2090462,2105310,74,76,53.5,0.5,Eighth,9,[25]
2105310,2116574,74,77,54.0,0.5,Eighth,9,[25]
2116574,2131422,74,74,54.5,0.5,Eighth,9,[25]
2131422,2143710,74,68,55.0,0.5,Eighth,9,[25]
2143710,2157534,74,76,55.5,0.5,Eighth,9,[25]
2157534,2170846,74,83,56.0,0.5,Eighth,9,[26]
2170846,2188766,74,74,56.5,0.5,Eighth,9,[26]
2188766,2221534,74,72,57.0,1.0,Quarter,9,[26]
2221534,2235870,74,71,58.0,0.5,Eighth,9,[26]
2235870,2251742,74,72,58.5,0.5,Eighth,9,[26]
2251742,2319326,74,69,59.0,1.0,Quarter,9,[27]
2319326,2339806,74,81,60.0,0.5,Eighth,9,[27]
2339806,2347998,74,79,60.5,0.25,Sixteenth,9,[28]
2347998,2355166,74,77,60.75,0.25,Sixteenth,9,[28]
2355166,2368478,74,76,61.0,0.5,Eighth,9,[28]
2368478,2384350,74,74,61.5,0.5,Eighth,9,[28]
2384350,2398174,74,73,62.0,0.5,Eighth,9,[28]
2398174,2419166,74,74,62.5,0.5,Eighth,9,[28]
2419166,2431966,74,82,63.0,0.5,Eighth,9,[29]
2431966,2439646,74,81,63.5,0.25,Sixteenth,9,[29]
2439646,2447838,74,79,63.75,0.25,Sixteenth,9,[29]
2447838,2464222,74,77,64.0,0.5,Eighth,9,[29]
2464222,2483678,74,76,64.5,0.5,Eighth,9,[29]
2483678,2502110,74,81,65.0,0.5,Eighth,9,[29]
2502110,2529246,74,69,65.5,0.5,Eighth,9,[30]
2529246,2543070,74,65,66.0,0.25,Sixteenth,9,[30]
2543070,2551774,74,81,66.25,0.25,Sixteenth,9,[30]
2551774,2559454,74,79,66.5,0.25,Sixteenth,9,[30]
2559454,2565086,74,77,66.75,0.25,Sixteenth,9,[30]
2565086,2580446,74,76,67.0,0.5,Eighth,9,[30]
2580446,2595806,74,74,67.5,0.5,Eighth,9,[30]
2595806,2611678,74,73,68.0,0.5,Eighth,9,[31]
2611678,2629086,74,74,68.5,0.5,Eighth,9,[31]
2629086,2645982,74,67,69.0,0.5,Eighth,9,[31]
2645982,2654686,74,82,69.5,0.25,Sixteenth,9,[31]
2654686,2662878,74,81,69.75,0.25,Sixteenth,9,[31]
2662878,2678238,74,79,70.0,0.5,Eighth,9,[31]
2678238,2688990,74,77,70.5,0.25,Sixteenth,9,[32]
2688990,2697182,74,76,70.75,0.25,Sixteenth,9,[32]
2697182,2713566,74,85,71.0,0.5,Eighth,9,[32]
2713566,2720734,74,83,71.5,0.25,Sixteenth,9,[32]
2720734,2728926,74,85,71.75,0.25,Sixteenth,9,[32]
2728926,2753502,74,86,72.0,0.5,Eighth,9,[32]
2753502,2769886,74,74,72.5,0.25,Sixteenth,9,[32]
2769886,2780638,74,76,72.75,0.25,Sixteenth,9,[33]
2780638,2801630,74,77,73.0,0.5,Eighth,9,[33]
2801630,2824158,74,81,73.5,0.5,Eighth,9,[33]
2824158,2834910,74,79,74.0,0.25,Sixteenth,9,[33]
2834910,2844126,74,77,74.25,0.25,Sixteenth,9,[33]
2844126,2852318,74,76,74.5,0.25,Sixteenth,9,[33]
2852318,2863582,74,77,74.75,0.25,Sixteenth,9,[34]
2863582,2883550,74,74,75.0,0.5,Eighth,9,[34]
2883550,2904030,74,69,75.5,0.5,Eighth,9,[34]
2904030,2927070,74,65,76.0,0.5,Eighth,9,[34]
2927070,3002334,74,62,76.5,0.5,Eighth,9,[34]
3002334,3028958,74,65,77.0,0.5,Eighth,9,[35]
3028958,3049438,74,69,77.5,0.5,Eighth,9,[36]
3049438,3067358,74,71,78.0,0.5,Eighth,9,[36]
3067358,3086814,74,72,78.5,0.5,Eighth,9,[36]
3086814,3105245,74,74,79.0,0.5,Eighth,9,[36]
3105245,3120094,74,77,79.5,0.5,Eighth,9,[37]
3120094,3136990,74,81,80.0,0.5,Eighth,9,[37]
3136990,3155422,74,79,80.5,0.5,Eighth,9,[37]
3155422,3171805,74,77,81.0,0.5,Eighth,9,[37]
3171805,3184094,74,76,81.5,0.5,Eighth,9,[37]
3184094,3199965,74,74,82.0,0.5,Eighth,9,[37]
3199965,3217374,74,72,82.5,0.5,Eighth,9,[38]
3217374,3235294,74,80,83.0,0.5,Eighth,9,[38]
3235294,3249118,74,81,83.5,0.5,Eighth,9,[38]
3249118,3263454,74,68,84.0,0.5,Eighth,9,[38]
3263454,3279838,74,69,84.5,0.5,Eighth,9,[38]
3279838,3295710,74,71,85.0,0.5,Eighth,9,[39]
3295710,3313118,74,72,85.5,0.5,Eighth,9,[39]
3313118,3330014,74,77,86.0,0.5,Eighth,9,[39]
3330014,3344350,74,76,86.5,0.5,Eighth,9,[39]
3344350,3360734,74,74,87.0,0.5,Eighth,9,[39]
3360734,3378654,74,72,87.5,0.5,Eighth,9,[39]
3378654,3395037,74,71,88.0,0.5,Eighth,9,[40]
3395037,3417054,74,69,88.5,0.5,Eighth,9,[40]
3417054,3437534,74,81,89.0,0.5,Eighth,9,[40]
3437534,3451870,74,84,89.5,0.5,Eighth,9,[40]
3451870,3470302,74,74,90.0,0.5,Eighth,9,[41]
3470302,3486686,74,84,90.5,0.5,Eighth,9,[41]
3486686,3500510,74,83,91.0,0.5,Eighth,9,[41]
3500510,3517917,74,86,91.5,0.5,Eighth,9,[41]
3517917,3536350,74,80,92.0,0.5,Eighth,9,[41]
3536350,3550174,74,81,92.5,0.5,Eighth,9,[42]
3550174,3570142,74,74,93.0,0.5,Eighth,9,[42]
3570142,3590622,74,84,93.5,0.5,Eighth,9,[42]
3590622,3604958,74,83,94.0,0.5,Eighth,9,[42]
3604958,3626462,74,86,94.5,0.5,Eighth,9,[42]
3626462,3646942,74,80,95.0,0.5,Eighth,9,[43]
3646942,3661790,74,81,95.5,0.5,Eighth,9,[43]
3661790,3684830,74,71,96.0,0.5,Eighth,9,[43]
3684830,3694046,74,77,96.5,0.25,Sixteenth,9,[43]
3694046,3700190,74,76,96.75,0.25,Sixteenth,9,[43]
3700190,3721182,74,74,97.0,0.5,Eighth,9,[43]
3721182,3743198,74,72,97.5,0.5,Eighth,9,[44]
3743198,3763166,74,71,98.0,0.5,Eighth,9,[44]
3763166,3778526,74,72,98.5,0.25,Sixteenth,9,[44]
3778526,3790814,74,74,98.75,0.25,Sixteenth,9,[44]
3790814,3874270,74,68,99.0,1.5,Dotted Quarter,9,[44]
3874270,3903454,74,66,100.5,0.5,Eighth,9,[45]
3903454,4085726,74,64,101.0,1.0,Quarter,9,"[46, 47, 48]"
4085726,4149214,74,69,102.0,0.5,Eighth,9,[48]
4149214,4166622,74,71,102.5,0.5,Eighth,9,[49]
4166622,4187102,74,72,103.0,0.5,Eighth,9,[49]
4187102,4203486,74,76,103.5,0.5,Eighth,9,[49]
4203486,4221406,74,68,104.0,0.5,Eighth,9,[49]
4221406,4241374,74,69,104.5,0.5,Eighth,9,[49]
4241374,4278238,74,77,105.0,1.0,Quarter,9,[50]
4278238,4318686,74,76,106.0,1.0,Quarter,9,[50]
4318686,4360158,74,74,107.0,1.0,Quarter,9,[51]
4360158,4383710,74,71,108.0,0.5,Eighth,9,[51]
4383710,4404190,74,72,108.5,0.5,Eighth,9,[51]
4404190,4421598,74,74,109.0,0.5,Eighth,9,[52]
4421598,4435422,74,77,109.5,0.5,Eighth,9,[52]
4435422,4450782,74,76,110.0,0.5,Eighth,9,[52]
4450782,4464606,74,74,110.5,0.5,Eighth,9,[52]
4464606,4480990,74,83,111.0,0.5,Eighth,9,[52]
4480990,4496350,74,80,111.5,0.5,Eighth,9,[52]
4496350,4510174,74,81,112.0,0.5,Eighth,9,[53]
4510174,4528094,74,78,112.5,0.5,Eighth,9,[53]
4528094,4550110,74,80,113.0,0.5,Eighth,9,[53]
4550110,4587486,74,83,113.5,0.5,Eighth,9,[53]
4587486,4611038,74,88,114.0,0.5,Eighth,9,[54]
4611038,4632030,74,84,114.5,0.5,Eighth,9,[54]
4632030,4651998,74,83,115.0,0.5,Eighth,9,[54]
4651998,4676574,74,81,115.5,0.5,Eighth,9,[54]
4676574,4695518,74,80,116.0,0.5,Eighth,9,[55]
4695518,4715486,74,81,116.5,0.5,Eighth,9,[55]
4715486,4856798,74,76,117.0,1.5,Dotted Quarter,9,"[55, 56]"
4856798,4867550,74,78,118.5,0.25,Sixteenth,9,[57]
4867550,4876766,74,80,118.75,0.25,Sixteenth,9,[57]
4876766,4886494,74,81,119.0,0.25,Sixteenth,9,[57]
4886494,4895710,74,83,119.25,0.25,Sixteenth,9,[57]
4895710,4904926,74,84,119.5,0.25,Sixteenth,9,[57]
4904926,4916702,74,86,119.75,0.25,Sixteenth,9,[57]
4916702,4928478,74,88,120.0,0.25,Sixteenth,9,[58]
4928478,4938718,74,86,120.25,0.25,Sixteenth,9,[58]
4938718,4947934,74,84,120.5,0.25,Sixteenth,9,[58]
4947934,4980702,74,88,120.75,0.25,Sixteenth,9,[58]
4980702,4998110,74,86,121.0,0.25,Sixteenth,9,[58]
4998110,5007838,74,84,121.25,0.25,Sixteenth,9,[58]
5007838,5017054,74,83,121.5,0.25,Sixteenth,9,[59]
5017054,5029342,74,86,121.75,0.25,Sixteenth,9,[59]
5029342,5039070,74,84,122.0,0.25,Sixteenth,9,[59]
5039070,5049310,74,83,122.25,0.25,Sixteenth,9,[59]
5049310,5059038,74,81,122.5,0.25,Sixteenth,9,[59]
5059038,5068254,74,84,122.75,0.25,Sixteenth,9,[59]
5068254,5131230,74,78,123.0,1.5,Dotted Quarter,9,[59]
5131230,5138910,74,80,124.5,0.25,Sixteenth,9,[60]
5138910,5147614,74,81,124.75,0.25,Sixteenth,9,[60]
5147614,5156318,74,83,125.0,0.25,Sixteenth,9,[60]
5156318,5164510,74,84,125.25,0.25,Sixteenth,9,[60]
5164510,5174238,74,86,125.5,0.25,Sixteenth,9,[60]
5174238,5181918,74,88,125.75,0.25,Sixteenth,9,[61]
5181918,5190110,74,89,126.0,0.25,Sixteenth,9,[61]
5190110,5199326,74,88,126.25,0.25,Sixteenth,9,[61]
5199326,5209054,74,86,126.5,0.25,Sixteenth,9,[61]
5209054,5218270,74,89,126.75,0.25,Sixteenth,9,[61]
5218270,5225438,74,88,127.0,0.25,Sixteenth,9,[61]
5225438,5235166,74,86,127.25,0.25,Sixteenth,9,[61]
5235166,5244382,74,84,127.5,0.25,Sixteenth,9,[61]
5244382,5254110,74,88,127.75,0.25,Sixteenth,9,[61]
5254110,5262302,74,86,128.0,0.25,Sixteenth,9,[61]
5262302,5268958,74,84,128.25,0.25,Sixteenth,9,[62]
5268958,5278686,74,83,128.5,0.25,Sixteenth,9,[62]
5278686,5284830,74,86,128.75,0.25,Sixteenth,9,[62]
5284830,5285342,74,92,129.0,0.5,Eighth,9,[62]
5285342,5290974,74,81,129.5,0.25,Sixteenth,9,[62]
5290974,5293534,74,83,129.75,0.25,Sixteenth,9,[62]
5293534,5300702,74,81,130.0,0.25,Sixteenth,9,[62]
5300702,5308382,74,79,130.25,0.25,Sixteenth,9,[62]
5308382,5315038,74,78,130.5,0.25,Sixteenth,9,[62]
5315038,5328862,74,76,130.75,0.25,Sixteenth,9,[62]
5328862,5336542,74,86,131.0,0.25,Sixteenth,9,[62]
5336542,5346782,74,84,131.25,0.25,Sixteenth,9,[62]
5346782,5355998,74,86,131.5,0.25,Sixteenth,9,[63]
5355998,5364190,74,83,131.75,0.25,Sixteenth,9,[63]
5364190,5380574,74,84,132.0,0.25,Sixteenth,9,[63]
5380574,5390814,74,83,132.25,0.25,Sixteenth,9,[63]
5390814,5401054,74,81,132.5,0.25,Sixteenth,9,[63]
5401054,5413854,74,80,132.75,0.25,Sixteenth,9,[63]
5413854,5446110,74,81,133.0,0.5,Eighth,9,[63]
5446110,5472734,74,76,133.5,0.5,Eighth,9,[64]
5472734,5517278,74,72,134.0,0.5,Eighth,9,[64]
5517278,5539806,74,71,134.5,0.25,Sixteenth,9,[65]
5539806,5550558,74,69,134.75,0.25,Sixteenth,9,[65]
5550558,5828062,74,69,135.0,3.0,Dotted Half,9,"[65, 66, 67, 68]"
